==knn_dist_8gpu_k64.json==
{
  "model_bpb": 1.2713561912939157,
  "knn_bpb": 1.2713134077665251,
  "improvement_bpb": 4.2783527390621856e-05,
  "gpus": 8,
  "store_per_gpu": 2000000,
  "store_per_gpu_mb": 2048.0,
  "total_store_vectors": 16000000,
  "total_store_mb": 16384.0,
  "k": 64,
  "temperature": 100.0,
  "lambda": 0.01,
  "distribution_valid": true,
  "causality": "score-first",
  "eval_time_s": 406.8221969604492
}
